"longitude" "latitude" "negative depth"
-137.3330  60.0333 -89.8
-137.3330  60.0250 -89.1
-137.3170  60.0167 -89.0
-137.3170  60.0083 -88.3
-137.3170  60.0000 -87.7
-137.3170  59.9917 -87.0
-137.3170  59.9833 -86.3
-137.3000  59.9750 -86.2
-137.3000  59.9667 -85.5
-137.3000  59.9583 -84.8
-137.3000  59.9500 -84.1
-137.3000  59.9417 -83.5
-137.2830  59.9333 -83.3
-137.2830  59.9250 -82.6
-137.2830  59.9167 -81.9
-137.2830  59.9083 -81.2
-137.2830  59.9000 -80.6
-137.2670  59.8917 -80.4
-137.2670  59.8833 -79.7
-137.2670  59.8750 -79.0
-137.2670  59.8667 -78.4
-137.2670  59.8583 -77.7
-137.2500  59.8500 -77.5
-137.2500  59.8417 -76.8
-137.2500  59.8333 -76.1
-137.2500  59.8250 -75.5
-137.2500  59.8167 -74.8
-137.2330  59.8083 -74.6
-137.2330  59.8000 -73.9
-137.2330  59.7917 -73.3
-137.2330  59.7833 -72.6
-137.2330  59.7750 -72.0
-137.2170  59.7667 -71.7
-137.2170  59.7583 -71.1
-137.2170  59.7500 -70.4
-137.2170  59.7417 -69.8
-137.2170  59.7333 -69.1
-137.2000  59.7250 -68.9
-137.2000  59.7167 -68.2
-137.2000  59.7083 -67.5
-137.2000  59.7000 -66.9
-137.2000  59.6917 -66.2
-137.1830  59.6833 -66.0
-137.1830  59.6750 -65.4
-137.1830  59.6667 -64.7
-137.1830  59.6583 -64.0
-137.1670  59.6500 -63.8
-137.1670  59.6417 -63.2
-137.1670  59.6333 -62.5
-137.1670  59.6250 -61.9
-137.1670  59.6167 -61.2
-137.1500  59.6083 -61.0
-137.1500  59.6000 -60.4
-137.1500  59.5917 -59.7
-137.1500  59.5833 -59.1
-137.1500  59.5750 -58.4
-137.1330  59.5667 -58.2
-137.1330  59.5583 -57.6
-137.1330  59.5500 -57.0
-137.1330  59.5417 -56.3
-137.1330  59.5333 -55.7
-137.1170  59.5250 -55.5
-137.1170  59.5167 -54.9
-137.1170  59.5083 -54.2
-137.1170  59.5000 -53.6
-137.1170  59.4917 -53.0
-137.1000  59.4833 -52.8
-137.1000  59.4750 -52.2
-137.1000  59.4667 -51.5
-137.1000  59.4583 -50.9
-137.1000  59.4500 -50.3
-137.0830  59.4417 -50.1
-137.0830  59.4333 -49.5
-137.0830  59.4250 -48.9
-137.0830  59.4167 -48.3
-137.0830  59.4083 -47.7
-137.0670  59.4000 -47.5
-137.0670  59.3917 -46.9
-137.0670  59.3833 -46.3
-137.0670  59.3750 -45.7
-137.0670  59.3667 -45.2
-137.0500  59.3583 -45.0
-137.0500  59.3500 -44.4
-137.0500  59.3417 -43.8
-137.0500  59.3333 -43.2
-137.0500  59.3250 -42.7
-137.0330  59.3167 -42.5
-137.0330  59.3083 -41.9
-137.0330  59.3000 -41.4
-137.0330  59.2917 -40.8
-137.0170  59.2833 -40.6
-137.0170  59.2750 -40.1
-137.0170  59.2667 -39.5
-137.0170  59.2583 -39.0
-137.0170  59.2500 -38.4
-137.0000  59.2417 -38.3
-137.0000  59.2333 -37.7
-137.0000  59.2250 -37.2
-137.0000  59.2167 -36.6
-137.0000  59.2083 -36.1
-136.9830  59.2000 -36.0
-136.9830  59.1917 -35.4
-136.9830  59.1833 -34.9
-136.9830  59.1750 -34.4
-136.9830  59.1667 -33.9
-136.9670  59.1583 -33.8
-136.9670  59.1500 -33.3
-136.9670  59.1417 -32.7
-136.9670  59.1333 -32.2
-136.9670  59.1250 -31.7
-136.9500  59.1167 -31.6
-136.9500  59.1083 -31.1
-136.9500  59.1000 -30.6
-136.9500  59.0917 -30.2
-136.9500  59.0833 -29.7
-136.9330  59.0750 -29.6
-136.9330  59.0667 -29.1
-136.9330  59.0583 -28.6
-136.9330  59.0500 -28.2
-136.9330  59.0417 -27.7
-136.9170  59.0333 -27.6
-136.9170  59.0250 -27.1
-136.9170  59.0167 -26.7
-136.9170  59.0083 -26.2
-136.9170  59.0000 -25.8
-136.9000  58.9917 -25.7
-136.9000  58.9833 -25.3
-136.9000  58.9750 -24.8
-136.9000  58.9667 -24.4
-136.9000  58.9583 -24.0
-136.8830  58.9500 -23.9
-136.8830  58.9417 -23.5
-136.8830  58.9333 -23.1
-136.8830  58.9250 -22.6
-136.8830  58.9167 -22.2
-136.8670  58.9083 -22.2
-136.8670  58.9000 -21.7
-136.8670  58.8917 -21.3
-136.8670  58.8833 -20.9
-136.8670  58.8750 -20.5
-136.8500  58.8667 -20.5
-136.8500  58.8583 -20.1
-136.8500  58.8500 -19.7
-136.8500  58.8417 -19.3
-136.8500  58.8333 -18.9
-136.8330  58.8250 -18.9
-136.8330  58.8167 -18.5
-136.8330  58.8083 -18.1
-136.8330  58.8000 -17.8
-136.8170  58.7917 -17.7
-136.8170  58.7833 -17.3
-136.8170  58.7750 -17.0
-136.8170  58.7667 -16.6
-136.8170  58.7583 -16.2
-136.8000  58.7500 -16.2
-136.8000  58.7417 -15.8
-136.8000  58.7333 -15.5
-136.8000  58.7250 -15.1
-136.8000  58.7167 -14.8
-136.7830  58.7083 -14.7
-136.7830  58.7000 -14.4
-136.7830  58.6917 -14.1
-136.7830  58.6833 -13.7
-136.7830  58.6750 -13.4
-136.7670  58.6667 -13.3
-136.7670  58.6583 -13.0
-136.7670  58.6500 -12.7
-136.7670  58.6417 -12.4
-136.7670  58.6333 -12.0
-136.7500  58.6250 -12.0
-136.7500  58.6167 -11.7
-136.7500  58.6083 -11.3
-136.7500  58.6000 -11.0
-136.7500  58.5917 -10.7
-136.7330  58.5833 -10.7
-136.7330  58.5750 -10.4
-136.7330  58.5667 -10.1
-136.7330  58.5583  -9.8
-136.7330  58.5500  -9.5
-136.7170  58.5417  -9.4
-136.7170  58.5333  -9.1
-136.7170  58.5250  -8.8
-136.7170  58.5167  -8.5
-136.7170  58.5083  -8.2
-136.7000  58.5000  -8.2
-136.7000  58.4917  -7.9
-136.7000  58.4833  -7.6
-136.7000  58.4750  -7.3
-136.7000  58.4667  -7.1
-136.6830  58.4583  -7.0
-136.6830  58.4500  -6.7
-136.6830  58.4417  -6.5
-136.6830  58.4333  -6.2
-136.6670  58.4250  -6.1
-136.6670  58.4167  -5.9
-136.6670  58.4083  -5.6
-136.6670  58.4000  -5.3
-136.6670  58.3917  -5.1
-136.6500  58.3833  -5.0
-136.6500  58.3750  -4.8
-136.6500  58.3667  -4.5
-136.6500  58.3583  -4.3
-136.6500  58.3500  -4.0
-136.6330  58.3417  -4.0
-136.6330  58.3333  -3.7
-136.6330  58.3250  -3.5
-136.6330  58.3167  -3.2
-136.6330  58.3083  -3.0
-136.6170  58.3000  -3.0
-136.6170  58.2917  -2.7
-136.6170  58.2833  -2.5
-136.6170  58.2750  -2.3
-136.6170  58.2667  -2.0
-136.6000  58.2583  -2.0
-136.6000  58.2500  -1.8
-136.6000  58.2417  -1.6
-136.6000  58.2333  -1.4
-136.6000  58.2250  -1.2
-136.5830  58.2167  -1.2
-136.5830  58.2083  -1.0
-136.5830  58.2000  -0.8
-136.5830  58.1917  -0.6
-136.5830  58.1833  -0.4
-136.5670  58.1750  -0.4
-136.5670  58.1667  -0.2
