longitude latitude "negative depth"
-193.5430 55.5790 -50.0000
-193.4270 55.5310 -50.0000
-193.3100 55.4830 -50.0000
-193.1940 55.4340 -50.0000
-193.0780 55.3860 -50.0000
-192.9620 55.3380 -50.0000
-192.8460 55.2900 -50.0000
-192.7290 55.2410 -50.0000
-192.6130 55.1930 -50.0000
-192.4970 55.1450 -50.0000
-192.3810 55.0960 -50.0000
-192.2650 55.0480 -50.0000
-192.1410 54.9960 -50.0000
-192.0170 54.9440 -50.0000
-191.8930 54.8920 -50.0000
-191.7690 54.8400 -50.0000
-191.6450 54.7880 -50.0000
-191.5210 54.7360 -50.0000
-191.3970 54.6840 -50.0000
-191.2730 54.6310 -50.0000
-191.1490 54.5790 -50.0000
-191.0250 54.5270 -50.0000
-190.9010 54.4750 -50.0000
-190.7780 54.4220 -50.0000
-190.6540 54.3700 -50.0000
-190.5350 54.3180 -50.0000
-190.4150 54.2670 -50.0000
-190.2960 54.2150 -50.0000
-190.1770 54.1630 -50.0000
-190.0570 54.1120 -50.0000
-189.9380 54.0600 -50.0000
-189.8190 54.0080 -50.0000
-189.7000 53.9560 -50.0000
-189.5800 53.9050 -50.0000
-189.4610 53.8530 -50.0000
-189.3420 53.8010 -50.0000
-189.2220 53.7500 -50.0000
-189.1030 53.6980 -50.0000
-188.9830 53.6470 -50.0000
-188.8640 53.5950 -50.0000
-188.7440 53.5440 -50.0000
-188.6240 53.4930 -50.0000
-188.5040 53.4420 -50.0000
-188.3840 53.3910 -50.0000
-188.2640 53.3400 -50.0000
-188.1430 53.2900 -50.0000
-188.0220 53.2390 -50.0000
-187.9010 53.1890 -50.0000
-187.7800 53.1390 -50.0000
-187.6580 53.0890 -50.0000
-187.5360 53.0400 -50.0000
-187.4080 52.9950 -50.0000
-187.2790 52.9490 -50.0000
-187.1500 52.9040 -50.0000
-187.0210 52.8600 -50.0000
-186.8920 52.8160 -50.0000
-186.7620 52.7720 -50.0000
-186.6310 52.7290 -50.0000
-186.5010 52.6850 -50.0000
-186.3700 52.6430 -50.0000
-186.2380 52.6000 -50.0000
-186.1070 52.5580 -50.0000
-185.9750 52.5170 -50.0000
-185.8420 52.4760 -50.0000
-185.7090 52.4350 -50.0000
-185.5740 52.4030 -50.0000
-185.4380 52.3710 -50.0000
-185.3030 52.3390 -50.0000
-185.1670 52.3080 -50.0000
-185.0310 52.2770 -50.0000
-184.8950 52.2470 -50.0000
-184.7580 52.2160 -50.0000
-184.6220 52.1860 -50.0000
-184.4850 52.1560 -50.0000
-184.3480 52.1260 -50.0000
-184.2120 52.0960 -50.0000
-184.0750 52.0670 -50.0000
-183.9380 52.0370 -50.0000
-183.7970 52.0030 -50.0000
-183.6550 51.9690 -50.0000
-183.5130 51.9350 -50.0000
-183.3720 51.9010 -50.0000
-183.2300 51.8680 -50.0000
-183.0880 51.8350 -50.0000
-182.9450 51.8020 -50.0000
-182.8030 51.7690 -50.0000
-182.6600 51.7380 -50.0000
-182.5170 51.7060 -50.0000
-182.3730 51.6750 -50.0000
-182.2290 51.6450 -50.0000
-182.0840 51.6160 -50.0000
-181.9390 51.5990 -50.0000
-181.7950 51.5820 -50.0000
-181.6490 51.5670 -50.0000
-181.5040 51.5520 -50.0000
-181.3590 51.5380 -50.0000
-181.2130 51.5250 -50.0000
-181.0670 51.5120 -50.0000
-180.9210 51.5000 -50.0000
-180.7750 51.4890 -50.0000
-180.6280 51.4790 -50.0000
-180.4780 51.4810 -50.0000
-180.3280 51.4830 -50.0000
-180.1790 51.4870 -50.0000
-180.0290 51.4900 -50.0000
-179.8800 51.4950 -50.0000
-179.7310 51.5000 -50.0000
-179.5810 51.5060 -50.0000
-179.4320 51.5120 -50.0000
-179.2830 51.5190 -50.0000
-179.1340 51.5260 -50.0000
-178.9850 51.5340 -50.0000
-178.8360 51.5420 -50.0000
-178.6870 51.5510 -50.0000
-178.5380 51.5590 -50.0000
-178.3890 51.5690 -50.0000
-178.2400 51.5780 -50.0000
-178.0920 51.5880 -50.0000
-177.9430 51.5980 -50.0000
-177.7970 51.6110 -50.0000
-177.6510 51.6240 -50.0000
-177.5060 51.6370 -50.0000
-177.3600 51.6500 -50.0000
-177.2140 51.6630 -50.0000
-177.0690 51.6770 -50.0000
-176.9230 51.6910 -50.0000
-176.7780 51.7050 -50.0000
-176.6330 51.7190 -50.0000
-176.4870 51.7330 -50.0000
-176.3420 51.7470 -50.0000
-176.1960 51.7620 -50.0000
-176.0510 51.7760 -50.0000
-175.9060 51.7910 -50.0000
-175.7610 51.8050 -50.0000
-175.6150 51.8200 -50.0000
-175.4700 51.8350 -50.0000
-175.3250 51.8500 -50.0000
-175.1800 51.8650 -50.0000
-175.0290 51.8810 -50.0000
-174.8770 51.8970 -50.0000
-174.7260 51.9130 -50.0000
-174.5750 51.9290 -50.0000
-174.4230 51.9460 -50.0000
-174.2720 51.9620 -50.0000
-174.1210 51.9780 -50.0000
-173.9700 51.9950 -50.0000
-173.8180 52.0120 -50.0000
-173.6670 52.0280 -50.0000
-173.5160 52.0450 -50.0000
-173.3650 52.0620 -50.0000
-173.2210 52.0790 -50.0000
-173.0770 52.0970 -50.0000
-172.9330 52.1140 -50.0000
-172.7900 52.1320 -50.0000
-172.6460 52.1500 -50.0000
-172.5020 52.1680 -50.0000
-172.3590 52.1860 -50.0000
-172.2150 52.2050 -50.0000
-172.0720 52.2240 -50.0000
-171.9280 52.2430 -50.0000
-171.7850 52.2620 -50.0000
-171.6420 52.2810 -50.0000
-171.4990 52.3010 -50.0000
-171.3560 52.3210 -50.0000
-171.2110 52.3470 -50.0000
-171.0660 52.3720 -50.0000
-170.9220 52.3990 -50.0000
-170.7770 52.4250 -50.0000
-170.6330 52.4520 -50.0000
-170.4890 52.4790 -50.0000
-170.3450 52.5070 -50.0000
-170.2020 52.5350 -50.0000
-170.0590 52.5630 -50.0000
-169.9150 52.5920 -50.0000
-169.7720 52.6210 -50.0000
-169.6300 52.6500 -50.0000
-169.4870 52.6800 -50.0000
-169.3450 52.7100 -50.0000
-169.2080 52.7460 -50.0000
-169.0710 52.7820 -50.0000
-168.9340 52.8190 -50.0000
-168.7980 52.8550 -50.0000
-168.6620 52.8920 -50.0000
-168.5260 52.9300 -50.0000
-168.3900 52.9670 -50.0000
-168.2540 53.0050 -50.0000
-168.1190 53.0430 -50.0000
-167.9830 53.0810 -50.0000
-167.8480 53.1190 -50.0000
-167.7130 53.1580 -50.0000
-167.5780 53.1970 -50.0000
-167.4430 53.2360 -50.0000
-167.3090 53.2760 -50.0000
-167.1740 53.3150 -50.0000
-167.0390 53.3540 -50.0000
-166.9040 53.3930 -50.0000
-166.7690 53.4320 -50.0000
-166.6340 53.4710 -50.0000
-166.4980 53.5090 -50.0000
-166.3630 53.5480 -50.0000
-166.2350 53.5810 -50.0000
-166.1070 53.6150 -50.0000
-165.9790 53.6480 -50.0000
-165.8510 53.6810 -50.0000
-165.7230 53.7130 -50.0000
-165.5940 53.7460 -50.0000
-165.4660 53.7780 -50.0000
-165.3370 53.8100 -50.0000
-165.2080 53.8420 -50.0000
-191.7260 55.1930 -100.0000
-191.6000 55.1390 -100.0000
-191.4740 55.0840 -100.0000
-191.3480 55.0300 -100.0000
-191.2230 54.9750 -100.0000
-191.0970 54.9210 -100.0000
-190.9710 54.8660 -100.0000
-190.8450 54.8120 -100.0000
-190.7190 54.7580 -100.0000
-190.5930 54.7030 -100.0000
-190.4670 54.6490 -100.0000
-190.3410 54.5940 -100.0000
-190.2150 54.5400 -100.0000
-190.0900 54.4860 -100.0000
-189.9640 54.4310 -100.0000
-189.8380 54.3770 -100.0000
-189.7120 54.3220 -100.0000
-189.5860 54.2680 -100.0000
-189.4640 54.2140 -100.0000
-189.3420 54.1600 -100.0000
-189.2190 54.1050 -100.0000
-189.0970 54.0510 -100.0000
-188.9750 53.9970 -100.0000
-188.8520 53.9430 -100.0000
-188.7300 53.8890 -100.0000
-188.6070 53.8360 -100.0000
-188.4840 53.7820 -100.0000
-188.3610 53.7280 -100.0000
-188.2370 53.6750 -100.0000
-188.1140 53.6220 -100.0000
-187.9900 53.5690 -100.0000
-187.8660 53.5160 -100.0000
-187.7410 53.4640 -100.0000
-187.6160 53.4110 -100.0000
-187.4910 53.3590 -100.0000
-187.3660 53.3070 -100.0000
-187.2400 53.2560 -100.0000
-187.1050 53.2110 -100.0000
-186.9700 53.1660 -100.0000
-186.8340 53.1210 -100.0000
-186.6990 53.0770 -100.0000
-186.5620 53.0330 -100.0000
-186.4260 52.9900 -100.0000
-186.2890 52.9470 -100.0000
-186.1520 52.9040 -100.0000
-186.0140 52.8610 -100.0000
-185.8770 52.8190 -100.0000
-185.7390 52.7770 -100.0000
-185.6000 52.7360 -100.0000
-185.4610 52.6940 -100.0000
-185.3220 52.6540 -100.0000
-185.1830 52.6130 -100.0000
-185.0420 52.5780 -100.0000
-184.9000 52.5440 -100.0000
-184.7580 52.5100 -100.0000
-184.6160 52.4760 -100.0000
-184.4740 52.4430 -100.0000
-184.3310 52.4090 -100.0000
-184.1890 52.3760 -100.0000
-184.0460 52.3440 -100.0000
-183.9030 52.3110 -100.0000
-183.7600 52.2790 -100.0000
-183.6160 52.2470 -100.0000
-183.4730 52.2150 -100.0000
-183.3300 52.1830 -100.0000
-183.1860 52.1510 -100.0000
-183.0510 52.1220 -100.0000
-182.9160 52.0920 -100.0000
-182.7810 52.0630 -100.0000
-182.6450 52.0340 -100.0000
-182.5100 52.0060 -100.0000
-182.3740 51.9780 -100.0000
-182.2380 51.9500 -100.0000
-182.1010 51.9230 -100.0000
-181.9650 51.8960 -100.0000
-181.8270 51.8700 -100.0000
-181.6900 51.8440 -100.0000
-181.5350 51.8250 -100.0000
-181.3800 51.8060 -100.0000
-181.2250 51.7890 -100.0000
-181.0700 51.7720 -100.0000
-180.9140 51.7560 -100.0000
-180.7580 51.7420 -100.0000
-180.6020 51.7280 -100.0000
-180.4450 51.7160 -100.0000
-180.2880 51.7040 -100.0000
-180.1410 51.7050 -100.0000
-179.9940 51.7060 -100.0000
-179.8470 51.7090 -100.0000
-179.7000 51.7120 -100.0000
-179.5530 51.7160 -100.0000
-179.4060 51.7210 -100.0000
-179.2590 51.7260 -100.0000
-179.1120 51.7330 -100.0000
-178.9660 51.7400 -100.0000
-178.8190 51.7470 -100.0000
-178.6660 51.7620 -100.0000
-178.5130 51.7780 -100.0000
-178.3610 51.7940 -100.0000
-178.2080 51.8100 -100.0000
-178.0560 51.8270 -100.0000
-177.9040 51.8440 -100.0000
-177.7520 51.8610 -100.0000
-177.6000 51.8790 -100.0000
-177.4480 51.8960 -100.0000
-177.2960 51.9140 -100.0000
-177.1440 51.9320 -100.0000
-176.9920 51.9500 -100.0000
-176.8370 51.9660 -100.0000
-176.6820 51.9820 -100.0000
-176.5270 51.9970 -100.0000
-176.3720 52.0130 -100.0000
-176.2170 52.0290 -100.0000
-176.0620 52.0440 -100.0000
-175.9070 52.0600 -100.0000
-175.7520 52.0750 -100.0000
-175.5970 52.0910 -100.0000
-175.4420 52.1070 -100.0000
-175.2870 52.1220 -100.0000
-175.1320 52.1380 -100.0000
-174.9770 52.1530 -100.0000
-174.8230 52.1680 -100.0000
-174.6690 52.1820 -100.0000
-174.5150 52.1970 -100.0000
-174.3610 52.2120 -100.0000
-174.2060 52.2260 -100.0000
-174.0520 52.2410 -100.0000
-173.8980 52.2560 -100.0000
-173.7450 52.2720 -100.0000
-173.5910 52.2870 -100.0000
-173.4370 52.3020 -100.0000
-173.2830 52.3180 -100.0000
-173.1290 52.3340 -100.0000
-172.9760 52.3500 -100.0000
-172.8220 52.3670 -100.0000
-172.6690 52.3840 -100.0000
-172.5150 52.4010 -100.0000
-172.3620 52.4180 -100.0000
-172.2110 52.4410 -100.0000
-172.0600 52.4650 -100.0000
-171.9100 52.4890 -100.0000
-171.7600 52.5130 -100.0000
-171.6090 52.5380 -100.0000
-171.4590 52.5630 -100.0000
-171.3100 52.5890 -100.0000
-171.1600 52.6150 -100.0000
-171.0110 52.6410 -100.0000
-170.8620 52.6670 -100.0000
-170.7130 52.6950 -100.0000
-170.5640 52.7220 -100.0000
-170.4260 52.7560 -100.0000
-170.2890 52.7900 -100.0000
-170.1520 52.8240 -100.0000
-170.0150 52.8590 -100.0000
-169.8780 52.8940 -100.0000
-169.7410 52.9300 -100.0000
-169.6050 52.9650 -100.0000
-169.4690 53.0010 -100.0000
-169.3330 53.0380 -100.0000
-169.1980 53.0740 -100.0000
-169.0620 53.1110 -100.0000
-168.9270 53.1470 -100.0000
-168.7920 53.1840 -100.0000
-168.6570 53.2210 -100.0000
-168.5220 53.2590 -100.0000
-168.3870 53.2960 -100.0000
-168.2520 53.3340 -100.0000
-168.1180 53.3710 -100.0000
-167.9830 53.4090 -100.0000
-167.8420 53.4490 -100.0000
-167.7020 53.4890 -100.0000
-167.5620 53.5280 -100.0000
-167.4210 53.5680 -100.0000
-167.2810 53.6080 -100.0000
-167.1410 53.6480 -100.0000
-167.0000 53.6880 -100.0000
-166.8600 53.7280 -100.0000
-166.7200 53.7680 -100.0000
-166.5800 53.8080 -100.0000
-166.4390 53.8480 -100.0000
-166.2990 53.8880 -100.0000
-166.1600 53.9270 -100.0000
-166.0210 53.9650 -100.0000
-189.4390 54.5660 -150.0000
-189.3210 54.5120 -150.0000
-189.2030 54.4570 -150.0000
-189.0850 54.4030 -150.0000
-188.9660 54.3500 -150.0000
-188.8470 54.2970 -150.0000
-188.7280 54.2440 -150.0000
-188.6080 54.1910 -150.0000
-188.4870 54.1380 -150.0000
-188.3670 54.0860 -150.0000
-188.2460 54.0340 -150.0000
-188.1240 53.9830 -150.0000
-188.0020 53.9310 -150.0000
-187.8800 53.8800 -150.0000
-187.7570 53.8300 -150.0000
-187.6340 53.7790 -150.0000
-187.5110 53.7290 -150.0000
-187.3870 53.6790 -150.0000
-187.2600 53.6350 -150.0000
-187.1340 53.5920 -150.0000
-187.0060 53.5480 -150.0000
-186.8790 53.5050 -150.0000
-186.7510 53.4620 -150.0000
-186.6230 53.4200 -150.0000
-186.4950 53.3780 -150.0000
-186.3660 53.3360 -150.0000
-186.2370 53.2940 -150.0000
-186.1080 53.2530 -150.0000
-185.9790 53.2120 -150.0000
-185.8490 53.1710 -150.0000
-185.7190 53.1300 -150.0000
-185.5890 53.0900 -150.0000
-185.4480 53.0520 -150.0000
-185.3060 53.0140 -150.0000
-185.1650 52.9770 -150.0000
-185.0230 52.9390 -150.0000
-184.8810 52.9020 -150.0000
-184.7390 52.8660 -150.0000
-184.5960 52.8290 -150.0000
-184.4540 52.7930 -150.0000
-184.3110 52.7570 -150.0000
-184.1680 52.7210 -150.0000
-184.0240 52.6850 -150.0000
-183.8810 52.6500 -150.0000
-183.7380 52.6150 -150.0000
-183.5940 52.5800 -150.0000
-183.4500 52.5450 -150.0000
-183.3060 52.5120 -150.0000
-183.1610 52.4790 -150.0000
-183.0160 52.4460 -150.0000
-182.8710 52.4130 -150.0000
-182.7260 52.3810 -150.0000
-182.5800 52.3490 -150.0000
-182.4340 52.3180 -150.0000
-182.2880 52.2870 -150.0000
-182.1420 52.2570 -150.0000
-181.9950 52.2270 -150.0000
-181.8480 52.1980 -150.0000
-181.7000 52.1690 -150.0000
-181.5520 52.1410 -150.0000
-181.4000 52.1230 -150.0000
-181.2470 52.1060 -150.0000
-181.0950 52.0890 -150.0000
-180.9420 52.0730 -150.0000
-180.7890 52.0580 -150.0000
-180.6360 52.0440 -150.0000
-180.4820 52.0300 -150.0000
-180.3280 52.0180 -150.0000
-180.1740 52.0060 -150.0000
-180.0200 51.9950 -150.0000
-179.8700 51.9950 -150.0000
-179.7210 51.9950 -150.0000
-179.5710 51.9960 -150.0000
-179.4220 51.9980 -150.0000
-179.2720 52.0010 -150.0000
-179.1230 52.0040 -150.0000
-178.9740 52.0080 -150.0000
-178.8250 52.0120 -150.0000
-178.6750 52.0180 -150.0000
-178.5260 52.0230 -150.0000
-178.3770 52.0290 -150.0000
-178.2280 52.0360 -150.0000
-178.0790 52.0430 -150.0000
-177.9260 52.0570 -150.0000
-177.7730 52.0710 -150.0000
-177.6200 52.0860 -150.0000
-177.4680 52.1010 -150.0000
-177.3150 52.1160 -150.0000
-177.1630 52.1320 -150.0000
-177.0100 52.1480 -150.0000
-176.8580 52.1640 -150.0000
-176.7060 52.1800 -150.0000
-176.5530 52.1960 -150.0000
-176.4010 52.2130 -150.0000
-176.2490 52.2290 -150.0000
-176.0920 52.2440 -150.0000
-175.9350 52.2580 -150.0000
-175.7780 52.2730 -150.0000
-175.6210 52.2880 -150.0000
-175.4640 52.3020 -150.0000
-175.3080 52.3170 -150.0000
-175.1510 52.3320 -150.0000
-174.9940 52.3470 -150.0000
-174.8370 52.3630 -150.0000
-174.6810 52.3780 -150.0000
-174.5240 52.3940 -150.0000
-174.3680 52.4100 -150.0000
-174.2110 52.4260 -150.0000
-174.0550 52.4430 -150.0000
-173.9040 52.4660 -150.0000
-173.7530 52.4890 -150.0000
-173.6020 52.5130 -150.0000
-173.4520 52.5370 -150.0000
-173.3020 52.5610 -150.0000
-173.1510 52.5850 -150.0000
-173.0010 52.6100 -150.0000
-172.8510 52.6350 -150.0000
-172.7010 52.6600 -150.0000
-172.5520 52.6860 -150.0000
-172.4020 52.7120 -150.0000
-172.2530 52.7370 -150.0000
-172.1040 52.7640 -150.0000
-171.9540 52.7900 -150.0000
-171.8050 52.8170 -150.0000
-171.6560 52.8430 -150.0000
-171.5070 52.8700 -150.0000
-171.3590 52.8980 -150.0000
-171.2100 52.9250 -150.0000
-171.0600 52.9550 -150.0000
-170.9110 52.9850 -150.0000
-170.7610 53.0160 -150.0000
-170.6120 53.0460 -150.0000
-170.4630 53.0770 -150.0000
-170.3140 53.1080 -150.0000
-170.1650 53.1400 -150.0000
-170.0160 53.1710 -150.0000
-169.8680 53.2030 -150.0000
-169.7200 53.2360 -150.0000
-169.5720 53.2680 -150.0000
-169.4240 53.3010 -150.0000
-169.2820 53.3400 -150.0000
-169.1410 53.3800 -150.0000
-169.0000 53.4190 -150.0000
-168.8600 53.4590 -150.0000
-168.7190 53.5000 -150.0000
-168.5790 53.5400 -150.0000
-168.4390 53.5810 -150.0000
-168.2990 53.6220 -150.0000
-168.1600 53.6640 -150.0000
-168.0200 53.7050 -150.0000
-167.8810 53.7470 -150.0000
-167.7420 53.7880 -150.0000
-167.6030 53.8300 -150.0000
-167.4640 53.8730 -150.0000
-167.3260 53.9150 -150.0000
-167.1870 53.9570 -150.0000
-167.0490 54.0000 -150.0000
-166.9100 54.0420 -150.0000
-166.7720 54.0850 -150.0000
-166.6370 54.1270 -150.0000
-166.5030 54.1700 -150.0000
-166.3680 54.2120 -150.0000
-166.2340 54.2550 -150.0000
-166.0990 54.2970 -150.0000
-165.9650 54.3400 -150.0000
-165.8300 54.3830 -150.0000
-165.6960 54.4250 -150.0000
-165.5620 54.4680 -150.0000
-165.4270 54.5110 -150.0000
-165.2930 54.5540 -150.0000
-165.1590 54.5970 -150.0000
-165.0250 54.6400 -150.0000
-164.8910 54.6830 -150.0000
-164.7570 54.7260 -150.0000
-164.6230 54.7690 -150.0000
-164.4890 54.8120 -150.0000
-164.3540 54.8560 -150.0000
-164.2180 54.9000 -150.0000
-164.0830 54.9440 -150.0000
-163.9470 54.9890 -150.0000
-163.8120 55.0330 -150.0000
-163.6770 55.0770 -150.0000
-163.5420 55.1210 -150.0000
-163.4060 55.1660 -150.0000
-163.2710 55.2100 -150.0000
-163.1360 55.2550 -150.0000
-163.0010 55.2990 -150.0000
-162.8660 55.3430 -150.0000
-162.7310 55.3880 -150.0000
-162.5960 55.4320 -150.0000
-162.4610 55.4770 -150.0000
-162.3250 55.5220 -150.0000
-162.1880 55.5660 -150.0000
-162.0520 55.6110 -150.0000
-161.9160 55.6560 -150.0000
-161.7800 55.7010 -150.0000
-161.6440 55.7460 -150.0000
-161.5080 55.7910 -150.0000
-161.3720 55.8360 -150.0000
-161.2360 55.8810 -150.0000
-161.1010 55.9270 -150.0000
-160.9660 55.9730 -150.0000
-160.8300 56.0190 -150.0000
-160.6960 56.0650 -150.0000
-160.5610 56.1110 -150.0000
-160.4270 56.1570 -150.0000
-160.2930 56.2040 -150.0000
-160.1590 56.2510 -150.0000
-160.0250 56.2990 -150.0000
-159.8920 56.3460 -150.0000
-159.7590 56.3940 -150.0000
-159.6370 56.4470 -150.0000
-159.5140 56.5010 -150.0000
-159.3930 56.5550 -150.0000
-159.2710 56.6090 -150.0000
-159.1500 56.6640 -150.0000
-159.0300 56.7180 -150.0000
-158.9090 56.7730 -150.0000
-158.7900 56.8290 -150.0000
-158.6700 56.8840 -150.0000
-158.5510 56.9400 -150.0000
-158.4320 56.9950 -150.0000
-158.3130 57.0520 -150.0000
-158.1950 57.1080 -150.0000
-158.0770 57.1640 -150.0000
-157.9590 57.2210 -150.0000
-157.8420 57.2780 -150.0000
-157.7310 57.3370 -150.0000
-157.6200 57.3960 -150.0000
-157.5100 57.4560 -150.0000
-157.3990 57.5160 -150.0000
-157.2900 57.5750 -150.0000
-157.1800 57.6350 -150.0000
-157.0710 57.6960 -150.0000
-156.9620 57.7560 -150.0000
-156.8530 57.8170 -150.0000
-156.7450 57.8770 -150.0000
-156.6370 57.9380 -150.0000
-156.5300 57.9990 -150.0000
-156.4230 58.0610 -150.0000
-156.3160 58.1220 -150.0000
-156.2090 58.1840 -150.0000
-156.1030 58.2460 -150.0000
-156.0010 58.3120 -150.0000
-155.8990 58.3780 -150.0000
-155.7980 58.4450 -150.0000
-155.6970 58.5110 -150.0000
-155.5960 58.5780 -150.0000
-155.4960 58.6450 -150.0000
-155.3970 58.7130 -150.0000
-155.2980 58.7800 -150.0000
-155.1990 58.8480 -150.0000
-155.1020 58.9160 -150.0000
-155.0040 58.9840 -150.0000
-154.9080 59.0530 -150.0000
-154.8120 59.1220 -150.0000
-154.7160 59.1910 -150.0000
-154.6220 59.2600 -150.0000
-154.5280 59.3300 -150.0000
-154.4350 59.4000 -150.0000
-154.3420 59.4710 -150.0000
-154.2500 59.5410 -150.0000
-154.1590 59.6130 -150.0000
-154.0690 59.6840 -150.0000
-154.0000 59.7610 -150.0000
-153.9320 59.8380 -150.0000
-153.8650 59.9160 -150.0000
-153.7980 59.9940 -150.0000
-153.7320 60.0720 -150.0000
-153.6680 60.1500 -150.0000
-153.6030 60.2280 -150.0000
-153.5400 60.3070 -150.0000
-153.4770 60.3860 -150.0000
-153.4150 60.4640 -150.0000
-153.3540 60.5430 -150.0000
-153.2930 60.6230 -150.0000
-153.2330 60.7020 -150.0000
-153.1740 60.7820 -150.0000
-153.1150 60.8610 -150.0000
-153.0560 60.9410 -150.0000
-186.6820 53.6010 -200.0000
-186.5520 53.5620 -200.0000
-186.4220 53.5230 -200.0000
-186.2910 53.4840 -200.0000
-186.1600 53.4450 -200.0000
-186.0300 53.4070 -200.0000
-185.8990 53.3680 -200.0000
-185.7670 53.3300 -200.0000
-185.6360 53.2920 -200.0000
-185.5050 53.2540 -200.0000
-185.3730 53.2170 -200.0000
-185.2410 53.1790 -200.0000
-185.1090 53.1420 -200.0000
-184.9770 53.1050 -200.0000
-184.8450 53.0680 -200.0000
-184.7130 53.0310 -200.0000
-184.5800 52.9950 -200.0000
-184.4390 52.9600 -200.0000
-184.2980 52.9250 -200.0000
-184.1560 52.8900 -200.0000
-184.0140 52.8550 -200.0000
-183.8720 52.8210 -200.0000
-183.7300 52.7870 -200.0000
-183.5880 52.7530 -200.0000
-183.4460 52.7190 -200.0000
-183.3030 52.6860 -200.0000
-183.1600 52.6530 -200.0000
-183.0170 52.6210 -200.0000
-182.8730 52.5890 -200.0000
-182.7300 52.5570 -200.0000
-182.5860 52.5260 -200.0000
-182.4420 52.4950 -200.0000
-182.2970 52.4640 -200.0000
-182.1580 52.4410 -200.0000
-182.0180 52.4180 -200.0000
-181.8790 52.3960 -200.0000
-181.7390 52.3750 -200.0000
-181.5990 52.3540 -200.0000
-181.4580 52.3330 -200.0000
-181.3180 52.3130 -200.0000
-181.1770 52.2930 -200.0000
-181.0360 52.2750 -200.0000
-180.8950 52.2560 -200.0000
-180.7530 52.2390 -200.0000
-180.6040 52.2310 -200.0000
-180.4560 52.2240 -200.0000
-180.3070 52.2180 -200.0000
-180.1580 52.2130 -200.0000
-180.0090 52.2080 -200.0000
-179.8600 52.2040 -200.0000
-179.7110 52.2010 -200.0000
-179.5620 52.1980 -200.0000
-179.4130 52.1960 -200.0000
-179.2640 52.1950 -200.0000
-179.1150 52.1940 -200.0000
-178.9650 52.1940 -200.0000
-178.8160 52.1940 -200.0000
-178.6650 52.2030 -200.0000
-178.5140 52.2130 -200.0000
-178.3630 52.2230 -200.0000
-178.2130 52.2330 -200.0000
-178.0620 52.2440 -200.0000
-177.9120 52.2560 -200.0000
-177.7610 52.2680 -200.0000
-177.6110 52.2800 -200.0000
-177.4610 52.2920 -200.0000
-177.3100 52.3050 -200.0000
-177.1600 52.3180 -200.0000
-177.0100 52.3310 -200.0000
-176.8600 52.3440 -200.0000
-176.7070 52.3570 -200.0000
-176.5540 52.3710 -200.0000
-176.4020 52.3850 -200.0000
-176.2490 52.3990 -200.0000
-176.0960 52.4120 -200.0000
-175.9440 52.4260 -200.0000
-175.7910 52.4410 -200.0000
-175.6380 52.4550 -200.0000
-175.4860 52.4700 -200.0000
-175.3330 52.4840 -200.0000
-175.1810 52.4990 -200.0000
-175.0330 52.5150 -200.0000
-174.8860 52.5320 -200.0000
-174.7380 52.5480 -200.0000
-174.5910 52.5650 -200.0000
-174.4440 52.5820 -200.0000
-174.2970 52.5990 -200.0000
-174.1500 52.6170 -200.0000
-174.0030 52.6350 -200.0000
-173.8560 52.6530 -200.0000
-173.7090 52.6720 -200.0000
-173.5620 52.6900 -200.0000
-173.4160 52.7090 -200.0000
-173.2690 52.7290 -200.0000
-173.1230 52.7490 -200.0000
-172.9770 52.7690 -200.0000
-172.8360 52.7960 -200.0000
-172.6940 52.8230 -200.0000
-172.5530 52.8510 -200.0000
-172.4130 52.8790 -200.0000
-172.2720 52.9080 -200.0000
-172.1320 52.9360 -200.0000
-171.9920 52.9650 -200.0000
-171.8520 52.9950 -200.0000
-171.7120 53.0250 -200.0000
-171.5730 53.0550 -200.0000
-171.4340 53.0850 -200.0000
-171.2950 53.1160 -200.0000
-171.1560 53.1470 -200.0000
-171.0170 53.1780 -200.0000
-170.8790 53.2140 -200.0000
-170.7400 53.2500 -200.0000
-170.6030 53.2870 -200.0000
-170.4650 53.3240 -200.0000
-170.3270 53.3610 -200.0000
-170.1900 53.3980 -200.0000
-170.0530 53.4360 -200.0000
-169.9160 53.4740 -200.0000
-169.7800 53.5120 -200.0000
-169.6430 53.5500 -200.0000
-169.5070 53.5890 -200.0000
-169.3710 53.6280 -200.0000
-169.2350 53.6670 -200.0000
-169.1000 53.7060 -200.0000
-168.9640 53.7460 -200.0000
-168.8290 53.7860 -200.0000
-168.6960 53.8320 -200.0000
-168.5640 53.8790 -200.0000
-168.4320 53.9250 -200.0000
-168.3000 53.9720 -200.0000
-168.1680 54.0190 -200.0000
-168.0360 54.0660 -200.0000
-167.9050 54.1130 -200.0000
-167.7740 54.1610 -200.0000
-167.6420 54.2080 -200.0000
-167.5110 54.2560 -200.0000
-167.3800 54.3040 -200.0000
-167.2500 54.3520 -200.0000
-167.1190 54.4000 -200.0000
-166.9880 54.4480 -200.0000
-166.8580 54.4960 -200.0000
-166.7270 54.5440 -200.0000
-166.5960 54.5920 -200.0000
-166.4660 54.6400 -200.0000
-166.3350 54.6880 -200.0000
-166.2050 54.7360 -200.0000
-166.0740 54.7840 -200.0000
-165.9410 54.8300 -200.0000
-165.8080 54.8750 -200.0000
-165.6750 54.9200 -200.0000
-165.5420 54.9660 -200.0000
-165.4090 55.0110 -200.0000
-165.2760 55.0570 -200.0000
-165.1420 55.1020 -200.0000
-165.0090 55.1470 -200.0000
-164.8760 55.1930 -200.0000
-164.7430 55.2380 -200.0000
-164.6090 55.2830 -200.0000
-164.4760 55.3280 -200.0000
-164.3430 55.3740 -200.0000
-164.2100 55.4190 -200.0000
-164.0760 55.4640 -200.0000
-163.9430 55.5090 -200.0000
-163.8100 55.5550 -200.0000
-163.6770 55.6000 -200.0000
-163.5430 55.6450 -200.0000
-163.4100 55.6910 -200.0000
-163.2770 55.7360 -200.0000
-163.1440 55.7820 -200.0000
-163.0110 55.8270 -200.0000
-162.8820 55.8720 -200.0000
-162.7540 55.9170 -200.0000
-162.6250 55.9620 -200.0000
-162.4960 56.0070 -200.0000
-162.3680 56.0520 -200.0000
-162.2390 56.0970 -200.0000
-162.1110 56.1420 -200.0000
-161.9830 56.1870 -200.0000
-161.8540 56.2330 -200.0000
-161.7260 56.2780 -200.0000
-161.5980 56.3240 -200.0000
-161.4700 56.3690 -200.0000
-161.3430 56.4150 -200.0000
-161.2150 56.4610 -200.0000
-161.0880 56.5070 -200.0000
-160.9600 56.5530 -200.0000
-160.8330 56.5990 -200.0000
-160.7060 56.6460 -200.0000
-160.5790 56.6920 -200.0000
-160.4520 56.7390 -200.0000
-160.3260 56.7860 -200.0000
-160.1990 56.8330 -200.0000
-160.0730 56.8800 -200.0000
-159.9470 56.9280 -200.0000
-159.8220 56.9750 -200.0000
-159.6960 57.0230 -200.0000
-159.5750 57.0760 -200.0000
-159.4540 57.1300 -200.0000
-159.3340 57.1840 -200.0000
-159.2140 57.2380 -200.0000
-159.0940 57.2920 -200.0000
-158.9750 57.3470 -200.0000
-158.8550 57.4010 -200.0000
-158.7370 57.4560 -200.0000
-158.6180 57.5110 -200.0000
-158.5000 57.5670 -200.0000
-158.3820 57.6220 -200.0000
-158.2650 57.6780 -200.0000
-158.1470 57.7340 -200.0000
-158.0310 57.7900 -200.0000
-157.9140 57.8470 -200.0000
-157.7980 57.9040 -200.0000
-157.6830 57.9610 -200.0000
-157.5670 58.0180 -200.0000
-157.4530 58.0760 -200.0000
-157.3380 58.1340 -200.0000
-157.2240 58.1920 -200.0000
-157.1110 58.2510 -200.0000
-156.9980 58.3100 -200.0000
-156.8850 58.3690 -200.0000
-156.7840 58.4350 -200.0000
-156.6840 58.5020 -200.0000
-156.5850 58.5690 -200.0000
-156.4860 58.6360 -200.0000
-156.3870 58.7030 -200.0000
-156.2890 58.7700 -200.0000
-156.1920 58.8380 -200.0000
-156.0950 58.9060 -200.0000
-155.9990 58.9750 -200.0000
-155.9040 59.0430 -200.0000
-155.8090 59.1120 -200.0000
-155.7150 59.1820 -200.0000
-155.6210 59.2510 -200.0000
-155.5280 59.3210 -200.0000
-155.4350 59.3910 -200.0000
-155.3440 59.4610 -200.0000
-155.2520 59.5320 -200.0000
-155.1620 59.6030 -200.0000
-155.0720 59.6740 -200.0000
-154.9830 59.7450 -200.0000
-154.8940 59.8170 -200.0000
-154.8060 59.8890 -200.0000
-154.7360 59.9680 -200.0000
-154.6660 60.0470 -200.0000
-154.5970 60.1270 -200.0000
-154.5290 60.2070 -200.0000
-154.4620 60.2870 -200.0000
-154.3950 60.3670 -200.0000
-154.3290 60.4470 -200.0000
-154.2640 60.5270 -200.0000
-154.2000 60.6080 -200.0000
-154.1370 60.6890 -200.0000
-154.0740 60.7700 -200.0000
-154.0120 60.8510 -200.0000
-153.9510 60.9320 -200.0000
-153.8910 61.0140 -200.0000
-153.8310 61.0950 -200.0000
-153.7720 61.1770 -200.0000
-153.7140 61.2590 -200.0000
-153.6570 61.3420 -200.0000
-153.6000 61.4240 -200.0000
-153.5440 61.5070 -200.0000
-153.4890 61.5900 -200.0000
-153.4350 61.6730 -200.0000
-153.3820 61.7560 -200.0000
-153.3290 61.8390 -200.0000
-153.2770 61.9230 -200.0000
-153.2260 62.0070 -200.0000
-153.1760 62.0900 -200.0000
-153.1260 62.1750 -200.0000
-153.0770 62.2590 -200.0000
-153.0290 62.3430 -200.0000
-152.9820 62.4280 -200.0000
-183.0490 52.8300 -250.0000
-182.9110 52.7950 -250.0000
-182.7720 52.7610 -250.0000
-182.6330 52.7280 -250.0000
-182.4930 52.6960 -250.0000
-182.3530 52.6640 -250.0000
-182.2120 52.6340 -250.0000
-182.0710 52.6040 -250.0000
-181.9290 52.5750 -250.0000
-181.7860 52.5470 -250.0000
-181.6430 52.5200 -250.0000
-181.5000 52.4940 -250.0000
-181.3560 52.4690 -250.0000
-181.2110 52.4440 -250.0000
-181.0610 52.4310 -250.0000
-180.9110 52.4180 -250.0000
-180.7610 52.4070 -250.0000
-180.6110 52.3960 -250.0000
-180.4610 52.3860 -250.0000
-180.3100 52.3770 -250.0000
-180.1590 52.3690 -250.0000
-180.0080 52.3620 -250.0000
-179.8570 52.3550 -250.0000
-179.7060 52.3500 -250.0000
-179.5550 52.3450 -250.0000
-179.4060 52.3520 -250.0000
-179.2570 52.3590 -250.0000
-179.1090 52.3670 -250.0000
-178.9600 52.3750 -250.0000
-178.8120 52.3850 -250.0000
-178.6640 52.3940 -250.0000
-178.5160 52.4050 -250.0000
-178.3680 52.4160 -250.0000
-178.2200 52.4270 -250.0000
-178.0730 52.4390 -250.0000
-177.9250 52.4510 -250.0000
-177.7770 52.4630 -250.0000
-177.6300 52.4760 -250.0000
-177.4820 52.4900 -250.0000
-177.3350 52.5030 -250.0000
-177.1940 52.5180 -250.0000
-177.0520 52.5330 -250.0000
-176.9110 52.5490 -250.0000
-176.7700 52.5650 -250.0000
-176.6290 52.5800 -250.0000
-176.4870 52.5960 -250.0000
-176.3460 52.6120 -250.0000
-176.2050 52.6280 -250.0000
-176.0640 52.6450 -250.0000
-175.9230 52.6610 -250.0000
-175.7820 52.6770 -250.0000
-175.6390 52.6920 -250.0000
-175.4950 52.7080 -250.0000
-175.3520 52.7230 -250.0000
-175.2080 52.7390 -250.0000
-175.0650 52.7540 -250.0000
-174.9220 52.7700 -250.0000
-174.7780 52.7860 -250.0000
-174.6350 52.8020 -250.0000
-174.4920 52.8180 -250.0000
-174.3490 52.8340 -250.0000
-174.2060 52.8510 -250.0000
-174.0630 52.8680 -250.0000
-173.9200 52.8850 -250.0000
-173.7770 52.9020 -250.0000
-173.6340 52.9240 -250.0000
-173.4900 52.9470 -250.0000
-173.3470 52.9690 -250.0000
-173.2040 52.9930 -250.0000
-173.0610 53.0160 -250.0000
-172.9190 53.0400 -250.0000
-172.7760 53.0640 -250.0000
-172.6340 53.0890 -250.0000
-172.4920 53.1140 -250.0000
-172.3500 53.1390 -250.0000
-172.2090 53.1650 -250.0000
-172.0680 53.1910 -250.0000
-171.9270 53.2180 -250.0000
-171.7860 53.2450 -250.0000
-171.6450 53.2730 -250.0000
-171.5050 53.3010 -250.0000
-171.3730 53.3370 -250.0000
-171.2420 53.3740 -250.0000
-171.1110 53.4110 -250.0000
-170.9800 53.4480 -250.0000
-170.8500 53.4860 -250.0000
-170.7200 53.5240 -250.0000
-170.5900 53.5620 -250.0000
-170.4610 53.6010 -250.0000
-170.3320 53.6400 -250.0000
-170.2020 53.6790 -250.0000
-170.0740 53.7180 -250.0000
-169.9450 53.7580 -250.0000
-169.8140 53.8030 -250.0000
-169.6830 53.8480 -250.0000
-169.5520 53.8930 -250.0000
-169.4220 53.9390 -250.0000
-169.2910 53.9840 -250.0000
-169.1610 54.0300 -250.0000
-169.0310 54.0760 -250.0000
-168.9010 54.1220 -250.0000
-168.7710 54.1680 -250.0000
-168.6410 54.2140 -250.0000
-168.5120 54.2610 -250.0000
-168.3820 54.3070 -250.0000
-168.2530 54.3540 -250.0000
-168.1240 54.4010 -250.0000
-167.9950 54.4480 -250.0000
-167.8660 54.4950 -250.0000
-167.7370 54.5420 -250.0000
-167.6080 54.5890 -250.0000
-167.4800 54.6360 -250.0000
-167.3510 54.6830 -250.0000
-167.2230 54.7310 -250.0000
-167.0950 54.7780 -250.0000
-166.9660 54.8260 -250.0000
-166.8380 54.8740 -250.0000
-166.7100 54.9210 -250.0000
-166.5820 54.9690 -250.0000
-166.4540 55.0170 -250.0000
-166.3280 55.0660 -250.0000
-166.2020 55.1140 -250.0000
-166.0760 55.1630 -250.0000
-165.9500 55.2110 -250.0000
-165.8250 55.2600 -250.0000
-165.6990 55.3090 -250.0000
-165.5730 55.3570 -250.0000
-165.4470 55.4060 -250.0000
-165.3210 55.4550 -250.0000
-165.1960 55.5030 -250.0000
-165.0700 55.5520 -250.0000
-164.9440 55.6010 -250.0000
-164.8180 55.6490 -250.0000
-164.6920 55.6980 -250.0000
-164.5660 55.7460 -250.0000
-164.4400 55.7940 -250.0000
-164.3130 55.8430 -250.0000
-164.1870 55.8910 -250.0000
-164.0560 55.9370 -250.0000
-163.9250 55.9830 -250.0000
-163.7940 56.0290 -250.0000
-163.6620 56.0750 -250.0000
-163.5310 56.1210 -250.0000
-163.4000 56.1660 -250.0000
-163.2680 56.2120 -250.0000
-163.1370 56.2580 -250.0000
-163.0060 56.3040 -250.0000
-162.8740 56.3500 -250.0000
-162.7430 56.3950 -250.0000
-162.6120 56.4410 -250.0000
-162.4810 56.4870 -250.0000
-162.3500 56.5330 -250.0000
-162.2180 56.5790 -250.0000
-162.0880 56.6250 -250.0000
-161.9570 56.6720 -250.0000
-161.8260 56.7180 -250.0000
-161.6960 56.7670 -250.0000
-161.5670 56.8170 -250.0000
-161.4380 56.8670 -250.0000
-161.3090 56.9170 -250.0000
-161.1800 56.9670 -250.0000
-161.0510 57.0170 -250.0000
-160.9230 57.0670 -250.0000
-160.7940 57.1180 -250.0000
-160.6670 57.1690 -250.0000
-160.5390 57.2200 -250.0000
-160.4110 57.2710 -250.0000
-160.2840 57.3220 -250.0000
-160.1570 57.3740 -250.0000
-160.0310 57.4260 -250.0000
-159.9050 57.4780 -250.0000
-159.7790 57.5310 -250.0000
-159.6530 57.5830 -250.0000
-159.5280 57.6360 -250.0000
-159.4030 57.6890 -250.0000
-159.2780 57.7430 -250.0000
-159.1540 57.7970 -250.0000
-159.0310 57.8510 -250.0000
-158.9070 57.9050 -250.0000
-158.7840 57.9600 -250.0000
-158.6620 58.0150 -250.0000
-158.5400 58.0710 -250.0000
-158.4180 58.1270 -250.0000
-158.2970 58.1830 -250.0000
-158.1920 58.2450 -250.0000
-158.0870 58.3070 -250.0000
-157.9840 58.3690 -250.0000
-157.8800 58.4320 -250.0000
-157.7780 58.4950 -250.0000
-157.6760 58.5590 -250.0000
-157.5750 58.6220 -250.0000
-157.4740 58.6870 -250.0000
-157.3740 58.7510 -250.0000
-157.2750 58.8160 -250.0000
-157.1770 58.8810 -250.0000
-157.0790 58.9470 -250.0000
-156.9830 59.0130 -250.0000
-156.8870 59.0800 -250.0000
-156.8030 59.1550 -250.0000
-156.7200 59.2300 -250.0000
-156.6380 59.3060 -250.0000
-156.5570 59.3820 -250.0000
-156.4770 59.4580 -250.0000
-156.3990 59.5350 -250.0000
-156.3210 59.6120 -250.0000
-156.2440 59.6890 -250.0000
-156.1690 59.7670 -250.0000
-156.0940 59.8450 -250.0000
-156.0210 59.9240 -250.0000
-155.9480 60.0020 -250.0000
-155.8770 60.0810 -250.0000
-155.8070 60.1610 -250.0000
-180.1570 52.4920 -300.0000
-180.0070 52.5010 -300.0000
-179.8570 52.5100 -300.0000
-179.7070 52.5190 -300.0000
-179.5570 52.5290 -300.0000
-179.4070 52.5390 -300.0000
-179.2580 52.5490 -300.0000
-179.1080 52.5590 -300.0000
-178.9580 52.5700 -300.0000
-178.8080 52.5800 -300.0000
-178.6590 52.5910 -300.0000
-178.5090 52.6030 -300.0000
-178.3600 52.6140 -300.0000
-178.2100 52.6260 -300.0000
-178.0610 52.6380 -300.0000
-177.9120 52.6500 -300.0000
-177.7620 52.6620 -300.0000
-177.6130 52.6750 -300.0000
-177.4650 52.6930 -300.0000
-177.3180 52.7110 -300.0000
-177.1700 52.7290 -300.0000
-177.0230 52.7480 -300.0000
-176.8760 52.7670 -300.0000
-176.7290 52.7860 -300.0000
-176.5820 52.8050 -300.0000
-176.4350 52.8250 -300.0000
-176.2880 52.8450 -300.0000
-176.1410 52.8650 -300.0000
-175.9950 52.8850 -300.0000
-175.8480 52.9060 -300.0000
-175.7020 52.9270 -300.0000
-175.5560 52.9480 -300.0000
-175.4090 52.9690 -300.0000
-175.2630 52.9910 -300.0000
-175.1180 53.0130 -300.0000
-174.9720 53.0350 -300.0000
-174.8260 53.0580 -300.0000
-174.6810 53.0810 -300.0000
-174.5350 53.1040 -300.0000
-174.3900 53.1270 -300.0000
-174.2450 53.1510 -300.0000
-174.1000 53.1750 -300.0000
-173.9550 53.1990 -300.0000
-173.8100 53.2240 -300.0000
-173.6650 53.2490 -300.0000
-173.5210 53.2740 -300.0000
-173.3760 53.2990 -300.0000
-173.2320 53.3250 -300.0000
-173.0960 53.3610 -300.0000
-172.9590 53.3960 -300.0000
-172.8240 53.4320 -300.0000
-172.6880 53.4690 -300.0000
-172.5520 53.5050 -300.0000
-172.4170 53.5420 -300.0000
-172.2820 53.5790 -300.0000
-172.1470 53.6160 -300.0000
-172.0120 53.6540 -300.0000
-171.8780 53.6920 -300.0000
-171.7440 53.7300 -300.0000
-171.6090 53.7680 -300.0000
-171.4750 53.8060 -300.0000
-171.3420 53.8450 -300.0000
-171.2080 53.8840 -300.0000
-171.0750 53.9230 -300.0000
-170.9410 53.9620 -300.0000
-170.8080 54.0010 -300.0000
-170.6750 54.0410 -300.0000
-170.5420 54.0810 -300.0000
-170.4090 54.1200 -300.0000
-170.2770 54.1600 -300.0000
-170.1440 54.2010 -300.0000
-170.0120 54.2410 -300.0000
-169.8790 54.2810 -300.0000
-169.7470 54.3220 -300.0000
-169.6150 54.3620 -300.0000
-169.4830 54.4030 -300.0000
-169.3510 54.4440 -300.0000
-169.2210 54.4870 -300.0000
-169.0910 54.5310 -300.0000
-168.9620 54.5740 -300.0000
-168.8320 54.6180 -300.0000
-168.7030 54.6620 -300.0000
-168.5730 54.7060 -300.0000
-168.4440 54.7490 -300.0000
-168.3150 54.7930 -300.0000
-168.1860 54.8380 -300.0000
-168.0570 54.8820 -300.0000
-167.9280 54.9260 -300.0000
-167.7990 54.9700 -300.0000
-167.6700 55.0150 -300.0000
-167.5420 55.0600 -300.0000
-167.4130 55.1040 -300.0000
-167.2850 55.1490 -300.0000
-167.1570 55.1940 -300.0000
-167.0280 55.2390 -300.0000
-166.9000 55.2840 -300.0000
-166.7720 55.3290 -300.0000
-166.6440 55.3740 -300.0000
-166.5160 55.4200 -300.0000
-166.3890 55.4650 -300.0000
-166.2610 55.5110 -300.0000
-166.1330 55.5560 -300.0000
-166.0060 55.6020 -300.0000
-165.8790 55.6480 -300.0000
-165.7510 55.6940 -300.0000
-165.6240 55.7400 -300.0000
-165.4970 55.7860 -300.0000
-165.3700 55.8320 -300.0000
-165.2430 55.8780 -300.0000
-165.1170 55.9250 -300.0000
-164.9900 55.9710 -300.0000
-164.8630 56.0180 -300.0000
-164.7370 56.0640 -300.0000
-164.6100 56.1110 -300.0000
-164.4840 56.1580 -300.0000
